[0, 0, 0] 
 [-0.005872423047859288, 0.0024957355359065403, -0.0031594633262767152] 
 1 
[-0.005872423047859288, 0.0024957355359065403, -0.0031594633262767152] 
 [0.008387497284195078, -0.035155159496485316, -0.0663450848708056] 
 2 
[0.008387497284195078, -0.035155159496485316, -0.0663450848708056] 
 [0.03344190283201204, -0.009042471771313898, -0.015605978112876284] 
 2 
[0.03344190283201204, -0.009042471771313898, -0.015605978112876284] 
 [0.005743356764693203, -0.0011749208929892618, -0.01550567900277966] 
 3 
[0.005743356764693203, -0.0011749208929892618, -0.01550567900277966] 
 [-0.05419404876343248, 0.004431177728891789, -0.018262400844716115] 
 4 
[-0.05419404876343248, 0.004431177728891789, -0.018262400844716115] 
 [-0.05197994996283761, -0.003306292749365669, -0.014564589864932906] 
 4 
[-0.05197994996283761, -0.003306292749365669, -0.014564589864932906] 
 [-0.022390386495185877, 0.01180032181506277, 0.0003976938248044376] 
 1 
[-0.022390386495185877, 0.01180032181506277, 0.0003976938248044376] 
 [0.036709269881824436, -0.002453560942888955, 0.0009917053129680914] 
 2 
[0.036709269881824436, -0.002453560942888955, 0.0009917053129680914] 
 [0.018382260845759946, -0.00748019499697386, 0.0024783231796226546] 
 2 
[0.018382260845759946, -0.00748019499697386, 0.0024783231796226546] 
 [0.064457122725386, -3.9056248776148106e-05, 0.03112233308197568] 
 3 
[0.064457122725386, -3.9056248776148106e-05, 0.03112233308197568] 
 [-0.029881670936013294, 0.004348148697987414, 0.0179972852612392] 
 4 
[-0.029881670936013294, 0.004348148697987414, 0.0179972852612392] 
 [0.0011831250031140161, 0.010881984804465006, 0.03221230371804415] 
 4 
[0.0011831250031140161, 0.010881984804465006, 0.03221230371804415] 
 [-0.004490076299289492, -0.0007178785703395585, 8.129928095262917e-05] 
 1 
[-0.004490076299289492, -0.0007178785703395585, 8.129928095262917e-05] 
 [0.004555541333787383, -0.02905087862581135, -0.06833374249679017] 
 2 
[0.004555541333787383, -0.02905087862581135, -0.06833374249679017] 
 [0.01491795477658553, -0.013112814395526085, -0.019900592068951353] 
 2 
[0.01491795477658553, -0.013112814395526085, -0.019900592068951353] 
 [0.0015046903083233698, -0.022586826838377566, -0.004375912131104637] 
 3 
[0.0015046903083233698, -0.022586826838377566, -0.004375912131104637] 
 [-0.0029099128632453786, 0.004065195890476686, 0.005314968196284908] 
 4 
[-0.0029099128632453786, 0.004065195890476686, 0.005314968196284908] 
 [-0.023978438815559, 0.0021594039709230406, 0.014907801657745468] 
 4
[-0.023978438815559, 0.0021594039709230406, 0.014907801657745468] 
 [-0.009208757680296581, -0.0004116989658101977, 0.019738145414359184] 
 4 
[-0.009208757680296581, -0.0004116989658101977, 0.019738145414359184] 
 [-0.029393785378071136, 0.01232342535807307, 0.004024311145378712] 
 1 
[-0.029393785378071136, 0.01232342535807307, 0.004024311145378712] 
 [0.02540662517989617, 0.022100699206583058, 0.014386287571306042] 
 2 
[0.02540662517989617, 0.022100699206583058, 0.014386287571306042] 
 [0.03287601495835529, -0.01363967745052741, -0.039547117063362724] 
 3 
[0.03287601495835529, -0.01363967745052741, -0.039547117063362724] 
 [-0.0054335592542863465, -0.0009375422269779221, 0.002484854888519128] 
 4 
[-0.0054335592542863465, -0.0009375422269779221, 0.002484854888519128] 
 [-0.030630204011744377, 0.00960123434193988, 0.009789339627132562] 
 4 
[-0.030630204011744377, 0.00960123434193988, 0.009789339627132562] 
 [-0.05775770420724785, -0.03859179675213689, -0.05627831481513319] 
 4 
[-0.05775770420724785, -0.03859179675213689, -0.05627831481513319] 
 [-0.007513552055124939, 0.02371558459155726, 0.044647030284034564] 
 1 
[-0.007513552055124939, 0.02371558459155726, 0.044647030284034564] 
 [0.03277027698030649, 0.0010372003206931546, 0.03428304656029999] 
 2 
[0.03277027698030649, 0.0010372003206931546, 0.03428304656029999] 
 [0.018196250295487548, -0.005879426901937934, -0.017085472469838478] 
 2 
[0.018196250295487548, -0.005879426901937934, -0.017085472469838478] 
 [0.003988238862713142, 0.008164799292898012, 0.01892700626110988] 
 3 
[0.003988238862713142, 0.008164799292898012, 0.01892700626110988] 
 [-0.008969481537998869, 0.0038405345839681027, 0.0003745233419191196] 
 4 
[-0.008969481537998869, 0.0038405345839681027, 0.0003745233419191196] 
 [-0.027894981252935686, 0.008992642823149544, 0.024975745528382762] 
 4 
[-0.027894981252935686, 0.008992642823149544, 0.024975745528382762] 
 [0.04014198226035853, 0.0016493301295831264, 0.032545213262832814] 
 1 
[0.04014198226035853, 0.0016493301295831264, 0.032545213262832814] 
 [0.022825374685932487, -0.011495781392891896, -0.010166076037480598] 
 2 
[0.022825374685932487, -0.011495781392891896, -0.010166076037480598] 
 [0.009121602310317195, -0.010111331514924382, -0.012904744876769764] 
 2 
[0.009121602310317195, -0.010111331514924382, -0.012904744876769764] 
 [0.011005345459718915, -0.006129844273733642, -0.008234691067061373] 
 3 
[0.011005345459718915, -0.006129844273733642, -0.008234691067061373] 
 [-0.019745664395038387, 0.004257327006303435, 0.010611325365688318] 
 4 
[-0.019745664395038387, 0.004257327006303435, 0.010611325365688318] 
 [0.009835371036461704, -0.002098229520052619, 0.007205991382411084] 
 4 
[0.009835371036461704, -0.002098229520052619, 0.007205991382411084] 
 [-0.0031842642568260526, 0.0006869036012594476, -0.010343049615314542] 
 1 
[-0.0031842642568260526, 0.0006869036012594476, -0.010343049615314542] 
 [0.013786776232138698, -0.0028834327389417325, 0.004264281631146449] 
 2 
[0.013786776232138698, -0.0028834327389417325, 0.004264281631146449] 
 [0.016922918391215264, -0.011920621139094922, -0.02544052514073067] 
 2 
[0.016922918391215264, -0.011920621139094922, -0.02544052514073067] 
 [0.015508794210894836, -0.014302327101268553, -0.030230745810571946] 
 3 
[0.015508794210894836, -0.014302327101268553, -0.030230745810571946] 
 [-0.017120400055756796, 0.015192147230887215, 0.016492000062268253] 
 4 
[-0.017120400055756796, 0.015192147230887215, 0.016492000062268253] 
 [-0.02952758648982437, 0.007025608844091202, 0.034941029098723445] 
 4 
[-0.02952758648982437, 0.007025608844091202, 0.034941029098723445] 
 [-0.049579086837563124, -0.020118777386281234, 0.005602738650673511] 
 4 
[-0.049579086837563124, -0.020118777386281234, 0.005602738650673511] 
 [-0.053377699733179074, -0.005075023644787846, -0.005404386595216609] 
 1 
[-0.053377699733179074, -0.005075023644787846, -0.005404386595216609] 
 [0.027154225477503346, -0.04838058523432995, -0.13994106819838378] 
 2 
[0.027154225477503346, -0.04838058523432995, -0.13994106819838378] 
 [0.056472410514865734, 0.0013522543280797827, 0.02639328656992268] 
 2 
[0.056472410514865734, 0.0013522543280797827, 0.02639328656992268] 
 [0.02810680749540037, -0.009578289189792782, -0.003424350794321823] 
 3 
[0.02810680749540037, -0.009578289189792782, -0.003424350794321823] 
 [-0.028091174036637273, -0.002474617981407523, 0.018116966768769227] 
 4 
[-0.028091174036637273, -0.002474617981407523, 0.018116966768769227] 
 [-0.037549600172432335, -0.01497365941394288, -0.0402670302420928] 
 4 
[-0.037549600172432335, -0.01497365941394288, -0.0402670302420928] 
 [-0.05346026205725135, 0.003991597038903449, 0.0022996148259452898] 
 4 
[-0.05346026205725135, 0.003991597038903449, 0.0022996148259452898] 
 [0.012785599159422789, 0.014966420847311701, 0.09206595079847353] 
 1 
[0.012785599159422789, 0.014966420847311701, 0.09206595079847353] 
 [0.011301546627158626, -0.026149754501579525, -0.03136372174122255] 
 2 
[0.011301546627158626, -0.026149754501579525, -0.03136372174122255] 
 [0.0023501495893253066, -0.012731116748758708, -0.03911257216091727] 
 2 
[0.0023501495893253066, -0.012731116748758708, -0.03911257216091727] 
 [0.017769233030795195, -0.002355698525033978, 0.010513225214442978] 
 2 
[0.017769233030795195, -0.002355698525033978, 0.010513225214442978] 
 [0.014775130818174553, -0.005508157954460108, -0.002840156400767624] 
 3 
[0.014775130818174553, -0.005508157954460108, -0.002840156400767624] 
 [-0.019516467936555065, -0.002956737895396855, 0.019845953395389] 
 4 
[-0.019516467936555065, -0.002956737895396855, 0.019845953395389] 
 [-0.07325641251588999, 0.004758414765051927, 0.013363976386905257] 
 1 
[-0.07325641251588999, 0.004758414765051927, 0.013363976386905257] 
 [0.06021483620577184, 0.04680837081729966, 0.10602112933977534] 
 2 
[0.06021483620577184, 0.04680837081729966, 0.10602112933977534] 
 [0.023757249127808494, -0.027668573261695473, -0.04821841166465464] 
 2 
[0.023757249127808494, -0.027668573261695473, -0.04821841166465464] 
 [0.039984977456496124, -0.01046796236790859, -0.01376623000019242] 
 2 
[0.039984977456496124, -0.01046796236790859, -0.01376623000019242] 
 [0.015341094649409637, 0.00200711851264479, 0.005383985360682575] 
 3 
[0.015341094649409637, 0.00200711851264479, 0.005383985360682575] 
 [-0.004894590096166357, 0.010702777376807637, 0.07428188030882904] 
 4 
[-0.004894590096166357, 0.010702777376807637, 0.07428188030882904] 
 [-0.06833469034608997, -0.035201723940565754, -0.08608427196468804] 
 4 
[-0.06833469034608997, -0.035201723940565754, -0.08608427196468804] 
 [0.004649100093774977, 0.00695597178652968, 0.01612199800396416] 
 1 
[0.004649100093774977, 0.00695597178652968, 0.01612199800396416] 
 [-0.0034425750861742654, -0.0012889664262735467, 0.000404478232242933] 
 2 
[-0.0034425750861742654, -0.0012889664262735467, 0.000404478232242933] 
 [-0.027598347000293177, -0.012258332843249536, -0.05215177603767453] 
 2 
[-0.027598347000293177, -0.012258332843249536, -0.05215177603767453] 
 [-0.024115369963327887, -0.010221176850759905, -0.04263562804103421] 
 2 
[-0.024115369963327887, -0.010221176850759905, -0.04263562804103421] 
 [-0.005692670179108961, -0.0032491487334512237, -0.004556275785096819] 
 2 
[-0.005692670179108961, -0.0032491487334512237, -0.004556275785096819] 
 [0.00328267515313313, 0.0029150999170795833, 0.007698885323123766] 
 3 
[0.00328267515313313, 0.0029150999170795833, 0.007698885323123766] 
 [0.021500116392254576, 0.003919287713534225, 0.02345825166090383] 
 4 
[0.021500116392254576, 0.003919287713534225, 0.02345825166090383] 
 [0.0020414452029764996, -0.04653040790385815, -0.09740340010840347] 
 4 
[0.0020414452029764996, -0.04653040790385815, -0.09740340010840347] 
 [-0.043838358572346, 0.0356425338058029, 0.055707211297488485] 
 1 
[0.002350026405664285, -0.004042135100279454, -0.011946790977241828] 
 [-0.0019593844511248126, -0.002931406944937709, -0.01125869386572173] 
 2 
[-0.0019593844511248126, -0.002931406944937709, -0.01125869386572173] 
 [0.004001989922242821, -0.006956720603909838, -0.019905089477556703] 
 2
[0.004001989922242821, -0.006956720603909838, -0.019905089477556703] 
 [0.008813490528516987, -0.010945445990381025, -0.025027612363197366] 
 3 
[0.008813490528516987, -0.010945445990381025, -0.025027612363197366] 
 [-0.04271067960302005, 0.03529346561543284, 0.13277488689558886] 
 4 
[-0.04271067960302005, 0.03529346561543284, 0.13277488689558886] 
 [0.0010506341278803122, 0.000518752812358414, 0.0073661516594197805] 
 4 